0   -115.034125205
5   -115.034103475
10  -115.034010234
15  -115.033857474
20  -115.033649751
25  -115.033400993
30  -115.033135259
35  -115.032847355
40  -115.032582927
45  -115.032353300
50  -115.032173250
55  -115.032056959
60  -115.032013365
65  -115.032045829
70  -115.032151794
75  -115.032321336
80  -115.032544918
85  -115.032804258
90  -115.033084220
95  -115.033357836
100 -115.033611689
105 -115.033797837
110 -115.033980299
115 -115.034083044
120 -115.034117658
125 -115.034082026
130 -115.033978166
135 -115.033807281
140 -115.033595481
145 -115.033342235
150 -115.033067764
155 -115.032792601
160 -115.032536707
165 -115.032313571
170 -115.032141393
175 -115.032034666
180 -115.032000998
185 -115.032046108
190 -115.032162184
195 -115.032337265
200 -115.032569158
205 -115.032834794
210 -115.033114625
215 -115.033388697
220 -115.033638089
225 -115.033846218
230 -115.033999934
235 -115.034089756
240 -115.034109120
245 -115.034060009
250 -115.033944142
255 -115.033770042
260 -115.033548443
265 -115.033294617
270 -115.033021456
275 -115.032758980
280 -115.032516498
285 -115.032321557
290 -115.032145282
295 -115.032044591
300 -115.032009442
305 -115.032042991
310 -115.032147212
315 -115.032304371
320 -115.032511681
325 -115.032750371
330 -115.033028345
335 -115.033296373
340 -115.033553940
345 -115.033780190
350 -115.033953852
355 -115.034072791
